"Samples"	"Mean.Distance"	"KL.Divergence"	"ratio.DgivenA"	"ratio.DgivenNA"
"19"	19	8.04	1.01871056006322	0.315789473684211	0.315789473684211
"23"	23	7.48	1.00229235504594	0.260869565217391	0.260869565217391
"28"	28	8.16	1.43104283065218	0.535714285714286	0.535714285714286
"29"	29	7.88	1.02410998152174	0.448275862068966	0.448275862068966
"31"	31	7.56	0.826724242852248	0.483870967741936	0.483870967741936
"34"	34	7.6	0.775951721482706	0.294117647058824	0.294117647058824
"36"	36	8.08	0.955168523421939	0.472222222222222	0.472222222222222
"37"	37	7.36	0.92431602310813	0.432432432432432	0.432432432432432
"38"	38	7.4	0.785433184068908	0.289473684210526	0.289473684210526
"39"	39	7.28	0.739799420612773	0.435897435897436	0.435897435897436
"40"	40	7.52	0.826717263119203	0.275	0.275
"41"	41	7.12	0.625141345998967	0.390243902439024	0.390243902439024
"43"	43	7.4	0.832932584820997	0.488372093023256	0.488372093023256
"45"	45	7.2	0.621717568497425	0.555555555555556	0.555555555555556
"48"	48	7.4	0.641530374277143	0.4375	0.4375
"49"	49	6.92	0.732118050316217	0.469387755102041	0.469387755102041
"50"	50	7.64	0.792792437868042	0.48	0.48
"51"	51	7.76	0.508109876795759	0.352941176470588	0.352941176470588
"52"	52	7.88	0.579357211879199	0.423076923076923	0.423076923076923
"53"	53	7.4	0.496368594732324	0.433962264150943	0.433962264150943
"54"	54	7.36	0.684451283963427	0.462962962962963	0.462962962962963
"55"	55	7.72	0.551880206001129	0.272727272727273	0.272727272727273
"56"	56	6.92	0.575693348929066	0.410714285714286	0.410714285714286
"57"	57	7.32	0.585686995424166	0.19047619047619	0.638888888888889
"58"	58	7.56	0.758319185791757	0.362068965517241	0.362068965517241
"59"	59	7.04	0.454416102984187	0.293383795906925	0.483062330623306
"61"	61	7.32	0.649758770588801	0.375913978494624	0.507854137447405
"62"	62	7.16	0.597920453497106	0.467741935483871	0.467741935483871
"64"	64	7.6	0.687107049157452	0.421875	0.421875
"65"	65	7.48	0.528215028777909	0.256575415995706	0.396643783371472
"66"	66	7.44	0.712259820754659	0.363636363636364	0.363636363636364
"67"	67	7.6	0.856463298861063	0.417910447761194	0.417910447761194
"68"	68	7	0.649298016958378	0.217391304347826	0.666666666666667
"69"	69	7.36	0.850447053183462	0.347826086956522	0.347826086956522
"70"	70	7.56	0.715187326888838	0.4	0.4
"71"	71	7.12	0.571189037040467	0.394366197183099	0.394366197183099
"73"	73	7.32	0.518297471905579	0.328767123287671	0.328767123287671
"75"	75	7.36	0.588360394473936	0.426666666666667	0.426666666666667
"76"	76	7.28	0.582175249734992	0.315789473684211	0.315789473684211
"77"	77	6.96	0.50092245161105	0.415584415584416	0.415584415584416
"78"	78	7.12	0.594521266521436	0.384615384615385	0.384615384615385
"80"	80	7.28	0.661367537665506	0.375	0.375
"81"	81	6.68	0.60957335153994	0.331479421579533	0.45448275862069
"82"	82	7.44	0.570727195449511	0.402439024390244	0.402439024390244
"83"	83	7.2	0.537162760934421	0.44578313253012	0.44578313253012
"84"	84	7.24	0.835748564985909	0.452380952380952	0.452380952380952
"85"	85	7.6	0.540520629219364	0.435294117647059	0.435294117647059
"88"	88	7.44	0.435245045634302	0.386363636363636	0.386363636363636
"89"	89	7.68	0.629813191777701	0.471910112359551	0.471910112359551
"90"	90	7.2	0.577811756874982	0.265079365079365	0.431313131313131
"91"	91	7	0.723148880422752	0.417582417582418	0.417582417582418
"92"	92	7.28	0.383738353414192	0.380434782608696	0.380434782608696
"94"	94	6.92	0.507700283696106	0.468085106382979	0.468085106382979
"95"	95	7.32	0.438630852876877	0.385843969694901	0.463430092533908
"96"	96	7.2	0.48514743761623	0.322916666666667	0.322916666666667
"97"	97	7.16	0.515977047039978	0.494845360824742	0.494845360824742
"98"	98	6.84	0.429712534755889	0.272999014214392	0.417667375740525
"100"	100	7.24	0.389681112892481	0.42	0.42
"101"	101	7	0.56570017894191	0.386138613861386	0.386138613861386
"102"	102	7.32	0.495796422389454	0.519607843137255	0.519607843137255
"104"	104	7.04	0.537394385599258	0.365384615384615	0.365384615384615
"105"	105	7.2	0.49404850909611	0.438095238095238	0.438095238095238
"106"	106	7.16	0.461527440374658	0.373295454545455	0.485881542699725
"107"	107	6.44	0.562605851730392	0.315065298507463	0.489438401214268
"109"	109	6.64	0.643927434391559	0.458715596330275	0.458715596330275
"110"	110	7.04	0.448498823057862	0.409090909090909	0.409090909090909
"111"	111	6.8	0.379769904510422	0.385222056631893	0.496656908665105
"112"	112	7.08	0.619857071550279	0.284090909090909	0.448529411764706
"113"	113	7.36	0.58647767830612	0.415929203539823	0.415929203539823
"114"	114	7.16	0.467768136163787	0.454815774444222	0.454815774444222
"115"	115	7.04	0.556985334896961	0.373913043478261	0.373913043478261
"116"	116	7.16	0.578267726721019	0.491379310344828	0.491379310344828
"117"	117	6.88	0.561641887902571	0.41025641025641	0.41025641025641
"118"	118	6.24	0.334837707107197	0.474576271186441	0.474576271186441
"119"	119	6.8	0.473356272299745	0.403361344537815	0.403361344537815
"120"	120	6.88	0.520818225150088	0.360684319494388	0.47849353112511
"121"	121	7	0.456200586659474	0.40495867768595	0.40495867768595
"123"	123	7.08	0.441150681784913	0.336419598618688	0.516710875331565
"124"	124	7.12	0.53410043122062	0.283583231334149	0.392665692007797
"125"	125	7.16	0.600936637903242	0.392	0.392
"126"	126	6.96	0.652603893813322	0.350664767331434	0.509472115793955
"127"	127	7.24	0.435759834106009	0.362204724409449	0.362204724409449
"128"	128	6.72	0.422083117578127	0.444690817203989	0.444690817203989
"130"	130	7.16	0.551529738264165	0.353846153846154	0.353846153846154
"132"	132	6.84	0.407439171905234	0.439393939393939	0.439393939393939
"133"	133	6.84	0.338864058735358	0.398496240601504	0.398496240601504
"134"	134	7.36	0.477847109985341	0.41044776119403	0.41044776119403
"135"	135	6.88	0.480332588374833	0.36116353629171	0.36116353629171
"137"	137	7	0.487940408120506	0.430656934306569	0.430656934306569
"138"	138	6.72	0.454273431553639	0.427536231884058	0.427536231884058
"139"	139	6.16	0.417826449266065	0.294851630491769	0.42002916869227
"140"	140	7.32	0.450413571902389	0.428571428571429	0.428571428571429
"141"	141	7.24	0.587638698716758	0.425531914893617	0.425531914893617
"142"	142	6.32	0.434696062897071	0.268827160493827	0.403219696969697
"143"	143	7.2	0.480741678755556	0.356643356643357	0.356643356643357
"144"	144	6.96	0.599098573478771	0.451388888888889	0.451388888888889
"145"	145	6.64	0.427177457067918	0.392042261436439	0.478233491457118
"146"	146	7.2	0.41472403649394	0.376712328767123	0.376712328767123
"147"	147	6.88	0.515271648439483	0.428571428571429	0.428571428571429
"148"	148	6.44	0.465749045096363	0.456532356532357	0.546247369651625
"149"	149	6.32	0.475247467045187	0.38255033557047	0.38255033557047
"150"	150	6.68	0.439109568463938	0.42	0.42
"151"	151	6.84	0.4266574593274	0.509933774834437	0.509933774834437
"152"	152	6.4	0.469473230778069	0.434210526315789	0.434210526315789
"153"	153	6.64	0.468322309570271	0.431372549019608	0.431372549019608
"154"	154	6.72	0.475343455726829	0.385105363984674	0.496498842592593
"155"	155	6.6	0.503309739220601	0.268223140495868	0.486486210418795
"156"	156	6.64	0.491402152019537	0.384615384615385	0.384615384615385
"157"	157	6.36	0.5692759082013	0.314408866995074	0.465314102889645
"158"	158	6.32	0.47201156227349	0.430379746835443	0.430379746835443
"159"	159	6.76	0.379815940201346	0.316194734227521	0.410012339150361
"160"	160	7.08	0.58072665259277	0.4125	0.4125
"161"	161	7.16	0.468399309372239	0.422360248447205	0.422360248447205
"162"	162	6	0.589638187813391	0.432098765432099	0.432098765432099
"163"	163	6.64	0.408165730488138	0.399489851162417	0.532078133718588
"164"	164	7.04	0.485432568791374	0.31864888631901	0.429386851717797
"165"	165	6	0.502979657438576	0.322893424905871	0.415686881188119
"166"	166	6.28	0.563301956265432	0.403614457831325	0.403614457831325
"167"	167	6.96	0.716282158421798	0.359281437125749	0.359281437125749
"168"	168	6.16	0.553731897081703	0.452380952380952	0.452380952380952
"170"	170	6.2	0.532824335647156	0.394117647058824	0.394117647058824
"171"	171	6.76	0.519645634453313	0.362165598804983	0.48783562384679
"172"	172	6.64	0.557369748463533	0.453488372093023	0.453488372093023
"173"	173	6.88	0.521177643520041	0.531791907514451	0.531791907514451
"174"	174	6.92	0.465767928497428	0.396551724137931	0.396551724137931
"175"	175	6.2	0.472396152844023	0.32	0.32
"176"	176	6.72	0.46213056953981	0.397727272727273	0.397727272727273
"177"	177	6.28	0.567696393383401	0.384180790960452	0.384180790960452
"178"	178	6.12	0.527074742427759	0.398876404494382	0.398876404494382
"179"	179	6.4	0.420025857487054	0.418994413407821	0.418994413407821
"180"	180	6.76	0.429937004484929	0.349506974506975	0.49538394699685
"181"	181	6.44	0.521066019606712	0.441988950276243	0.441988950276243
"182"	182	6.36	0.477976181349749	0.379120879120879	0.379120879120879
"183"	183	6.28	0.34868466881497	0.430644434732053	0.430644434732053
"184"	184	6.84	0.448661194751407	0.434262359792142	0.533256908336234
"185"	185	6.32	0.504539154724244	0.432432432432432	0.432432432432432
"186"	186	7	0.662230787257626	0.505376344086022	0.505376344086022
"187"	187	6.4	0.442132469536341	0.368983957219251	0.368983957219251
"188"	188	6.28	0.519221677121613	0.403970166379805	0.501789712579776
"189"	189	6.56	0.42767098944483	0.35978835978836	0.35978835978836
"190"	190	6.72	0.527367413876169	0.436842105263158	0.436842105263158
"191"	191	6.72	0.469581132220658	0.397905759162304	0.397905759162304
"192"	192	6.24	0.403944759598284	0.34315834767642	0.500163826998689
"193"	193	6.36	0.488194549945093	0.305114155251142	0.431055555555556
"194"	194	6.4	0.409008643463725	0.332601930314688	0.431603829137856
"195"	195	6.32	0.527993003166088	0.362017346494411	0.499576430722892
"196"	196	6.08	0.420888408458102	0.454081632653061	0.454081632653061
"197"	197	6.12	0.563349747066351	0.390862944162437	0.390862944162437
"198"	198	6.24	0.459466209880382	0.393939393939394	0.393939393939394
"199"	199	6.64	0.448582532546206	0.381909547738693	0.381909547738693
"200"	200	6.28	0.569849713885031	0.44	0.44
"201"	201	6.16	0.393611636276685	0.430714910241095	0.430714910241095
"202"	202	5.88	0.458143610270206	0.3875	0.483606557377049
"203"	203	6.52	0.457891796528858	0.41871921182266	0.41871921182266
"204"	204	5.88	0.498334544549785	0.353292898008345	0.458852621957881
"205"	205	6.44	0.391208919915248	0.429789600189264	0.429789600189264
"206"	206	6.4	0.453442959702867	0.359223300970874	0.359223300970874
"207"	207	6.08	0.364161058866165	0.313557074598203	0.420882366058629
"208"	208	6.32	0.481224381743661	0.37768495585128	0.48521718931475
"209"	209	6.12	0.525030113410113	0.391143521454238	0.504246727930938
"210"	210	6.32	0.502341024050439	0.292997542997543	0.45822192513369
"211"	211	6	0.390866624102246	0.374626472310711	0.374626472310711
"212"	212	6.36	0.396964189324272	0.410377358490566	0.410377358490566
"213"	213	6.2	0.399095476321739	0.369159313823345	0.508318905911432
"214"	214	6.64	0.480805043076363	0.411214953271028	0.411214953271028
"215"	215	6.08	0.426669035533518	0.398343120836515	0.398343120836515
"216"	216	5.68	0.389055800347964	0.375343791850098	0.407251692091097
"217"	217	5.68	0.567809021510149	0.377880184331797	0.377880184331797
"218"	218	6.24	0.439139531766684	0.399082568807339	0.399082568807339
"219"	219	6.56	0.498387476404047	0.397260273972603	0.397260273972603
"220"	220	6.48	0.448777701537245	0.431818181818182	0.431818181818182
"221"	221	6.6	0.462044552882268	0.389140271493213	0.389140271493213
"222"	222	6.12	0.520137530874896	0.324392232715709	0.424620442843737
"223"	223	5.72	0.485307231558675	0.319487214004857	0.409905300750371
"224"	224	5.84	0.439011443091259	0.419642857142857	0.419642857142857
"225"	225	6.36	0.378416220731842	0.309507655896774	0.393167262305531
"226"	226	5.48	0.479302687343342	0.419047619047619	0.534331797235023
"227"	227	6.36	0.496288556248165	0.383747468218056	0.471168973471742
"228"	228	6.92	0.513931510582544	0.37719298245614	0.37719298245614
"229"	229	6	0.57348471219135	0.419213973799127	0.419213973799127
"230"	230	5.96	0.3944989713801	0.361645238366139	0.459520010700398
"231"	231	6.6	0.454000433271168	0.398268398268398	0.398268398268398
"232"	232	5.88	0.448460630595927	0.431034482758621	0.431034482758621
"233"	233	6	0.4515051680985	0.28891780192867	0.417760230553635
"234"	234	6.12	0.503171908987189	0.346334841628959	0.426587506453278
"235"	235	6.16	0.533326144233718	0.391494126788244	0.475455044381852
"236"	236	6.52	0.531334839152152	0.419491525423729	0.419491525423729
"237"	237	5.48	0.47237734235542	0.455696202531646	0.455696202531646
"238"	238	5.88	0.478564480043152	0.466386554621849	0.466386554621849
"239"	239	5.92	0.459563526477235	0.384937238493724	0.384937238493724
"240"	240	5.76	0.453244004029413	0.4125	0.4125
"241"	241	5.72	0.403011680191472	0.398314127187367	0.482331648926639
"242"	242	6.24	0.473602911076818	0.495867768595041	0.495867768595041
"243"	243	6.52	0.504594155474849	0.366920746241776	0.48086505317162
"244"	244	6.6	0.445525593103826	0.422131147540984	0.422131147540984
"245"	245	5.92	0.458169839163591	0.440816326530612	0.440816326530612
"246"	246	5.96	0.403716644515331	0.447154471544715	0.447154471544715
"247"	247	5.72	0.438026615152868	0.380566801619433	0.380566801619433
"248"	248	6.12	0.528506013012053	0.419354838709677	0.419354838709677
"249"	249	6.08	0.53947785808425	0.377510040160643	0.377510040160643
"250"	250	6.08	0.450641208613857	0.38209985019323	0.511295916288981
"251"	251	6.2	0.5281944611049	0.462151394422311	0.462151394422311
"252"	252	5.64	0.503368806520898	0.416666666666667	0.416666666666667
"253"	253	5.64	0.47932736182812	0.442687747035573	0.442687747035573
"254"	254	6.32	0.516147877871924	0.360536306837177	0.429599399432735
"255"	255	6.16	0.540186953582283	0.419607843137255	0.419607843137255
"256"	256	6.52	0.511321818693337	0.443752632517305	0.443752632517305
"257"	257	5.76	0.518629726167317	0.374816443818907	0.464764956572466
"258"	258	5.56	0.345108513395896	0.403100775193798	0.403100775193798
"259"	259	5.92	0.416595407979905	0.409266409266409	0.409266409266409
"260"	260	6.24	0.429016684944008	0.446153846153846	0.446153846153846
"261"	261	5.12	0.415317787932304	0.421455938697318	0.421455938697318
"262"	262	6.4	0.408616366714781	0.423664122137405	0.423664122137405
"263"	263	5.64	0.382570161998289	0.362353655054255	0.459875324127118
"264"	264	6.44	0.473890249237825	0.401515151515151	0.401515151515151
"265"	265	5.36	0.49276129732393	0.396466331391392	0.496068970024399
"266"	266	5.72	0.477141976257029	0.285374622654105	0.563825580610371
"267"	267	5.64	0.380638594412121	0.408239700374532	0.408239700374532
"268"	268	5.68	0.454920173918025	0.402439884352302	0.456032719836401
"269"	269	6.28	0.462981751739299	0.392635294274639	0.474089937959653
"270"	270	5.68	0.482663248078486	0.332574246654821	0.477605205424811
"271"	271	5.56	0.50997411808545	0.418336968353364	0.418336968353364
"272"	272	5.72	0.522930156661521	0.359124787998495	0.430961380449933
"273"	273	5.76	0.43303225347775	0.406593406593407	0.406593406593407
"274"	274	5.96	0.413315207870499	0.320807562142607	0.433924611973392
"275"	275	6.04	0.501256115908085	0.403636363636364	0.403636363636364
"276"	276	5.48	0.369758801573113	0.351353380764929	0.475770344722796
"277"	277	5.92	0.473596295916765	0.447653429602888	0.447653429602888
"278"	278	5.6	0.465118561534241	0.533333333333333	0.369942196531792
"279"	279	6.08	0.502313803710659	0.31739257066463	0.467969332703496
"280"	280	5.76	0.401256780663079	0.397855011664176	0.492757122200268
"281"	281	5.32	0.392240349199688	0.437722419928826	0.437722419928826
"282"	282	5.12	0.421209043378358	0.329032633741775	0.467204046151415
"283"	283	5.64	0.408997103614175	0.374558303886926	0.374558303886926
"284"	284	5.6	0.516373262848312	0.316501188078722	0.404163688610666
"285"	285	5.24	0.522728358775898	0.369468500350858	0.463489323105382
"286"	286	5.36	0.384309939536793	0.444055944055944	0.444055944055944
"287"	287	5.6	0.36070186440956	0.397212543554007	0.397212543554007
"288"	288	6.64	0.521931058262493	0.430555555555556	0.430555555555556
"289"	289	6.12	0.46129376771039	0.388809394760614	0.486235278264385
"290"	290	5.24	0.40082781411701	0.371619021440352	0.465774670523947
"291"	291	5.08	0.475548569380669	0.344672037200773	0.414073333236702
"292"	292	5.32	0.44623227777328	0.357641608812467	0.441279629546986
"293"	293	5.68	0.490746087207401	0.403905447070915	0.461039790314832
"294"	294	5.68	0.485603540970142	0.428571428571429	0.428571428571429
"295"	295	5.88	0.41522738680505	0.34726986187077	0.43580136319763
"296"	296	5.8	0.492509292312452	0.371743419983209	0.489963292765017
"297"	297	6.36	0.491742507557744	0.354496215306981	0.440046355154811
"298"	298	6.16	0.444104950192459	0.412751677852349	0.412751677852349
"299"	299	5.76	0.425896025356604	0.427138549444788	0.427138549444788
"300"	300	6.32	0.507459313190636	0.373863902102929	0.487129279109023
"301"	301	5.48	0.449030101689061	0.373158909121662	0.455165436241102
"302"	302	4.84	0.460943764849836	0.336660895014108	0.451710952786366
"303"	303	5.44	0.467128112933763	0.445544554455446	0.445544554455446
"304"	304	5.44	0.414935328843116	0.407299812873735	0.407299812873735
"305"	305	5.28	0.469343670906062	0.33921815889029	0.393723653395785
"306"	306	6.2	0.51249499533704	0.336308597128524	0.44608766422509
"307"	307	5.84	0.492002666465956	0.390879478827362	0.390879478827362
"308"	308	6.16	0.467915994949565	0.399350649350649	0.399350649350649
"309"	309	4.96	0.491517553135828	0.360006294256491	0.472821810967058
"310"	310	5.56	0.473517470089331	0.451612903225806	0.451612903225806
"311"	311	5.56	0.357236160825648	0.344547938400397	0.444260060926728
"312"	312	5.04	0.348201658080381	0.41025641025641	0.41025641025641
"313"	313	5.88	0.421397918186696	0.445994252589395	0.548463961974074
"314"	314	5.44	0.498365674705195	0.301707084819039	0.413622744644416
"315"	315	5.56	0.57408954845278	0.46984126984127	0.46984126984127
"316"	316	5.44	0.529652316009205	0.392405063291139	0.392405063291139
"317"	317	4.6	0.425601159600048	0.272727272727273	0.433673469387755
"318"	318	4.84	0.439025111505695	0.334980284189462	0.413655662601153
"319"	319	5.68	0.410527269667836	0.351107745307674	0.422912326781994
"320"	320	5.08	0.466508360005821	0.396875	0.396875
"321"	321	5.84	0.452281526048745	0.333880163265306	0.455433569346106
"322"	322	5.68	0.438130396467761	0.395657071382438	0.395657071382438
"323"	323	4.4	0.42207288975658	0.374424783763921	0.458955282944203
"324"	324	5.16	0.44763190726656	0.316585635891018	0.411566326464782
"325"	325	5.28	0.450541055012768	0.44	0.44
"326"	326	5.6	0.392959360844522	0.372507856634406	0.436334469886607
"327"	327	5.4	0.528147534135954	0.363974033580633	0.469403636691854
"328"	328	5.68	0.461390472566557	0.442073170731707	0.442073170731707
"329"	329	5.52	0.458400173145565	0.355345311070567	0.438099310738953
"330"	330	5.64	0.475331748195956	0.333440753350521	0.431196172908913
"331"	331	5.8	0.441261967503281	0.358111278699514	0.440812705172567
"332"	332	5.2	0.521892313731417	0.397590361445783	0.397590361445783
"333"	333	5.8	0.422482231723111	0.456456456456456	0.456456456456456
"334"	334	4.4	0.460467547582376	0.384957264957265	0.494880174291939
"335"	335	4.44	0.420758278467417	0.465671641791045	0.465671641791045
"336"	336	5.56	0.419374757808553	0.315359209652104	0.428219799121085
"337"	337	5.44	0.451515122820115	0.339934551953434	0.442039580485304
"338"	338	5.2	0.443441460972899	0.4045913285572	0.473953270691579
"339"	339	5.52	0.507033622697083	0.312005182312913	0.41762828279014
"340"	340	5.52	0.42717108460958	0.391176470588235	0.391176470588235
"341"	341	5.08	0.371225416570267	0.368594147582697	0.469751029761152
"342"	342	5.4	0.40652331192007	0.371476715686274	0.460051310243724
"343"	343	4.8	0.4730228448309	0.448979591836735	0.448979591836735
"344"	344	5.4	0.481374987427593	0.384692946348105	0.384692946348105
"345"	345	5.56	0.460439913265244	0.355240006173792	0.486141975827464
"346"	346	5.56	0.58968931182371	0.407514450867052	0.407514450867052
"347"	347	5.4	0.342260384017162	0.380264234188113	0.490170263235927
"348"	348	4.96	0.377184906426915	0.352980352980353	0.451757864128998
"349"	349	5.88	0.496867058206625	0.335258610486448	0.435711935559317
"350"	350	5.12	0.392898946549774	0.340054327418085	0.425044796091346
"351"	351	5.48	0.40099391698764	0.49002849002849	0.49002849002849
"352"	352	5.04	0.443716467141724	0.359934252697394	0.469338680164611
"353"	353	5.36	0.387239740042953	0.370608578453153	0.489048269883184
"354"	354	4.24	0.480831683960794	0.401595341898868	0.478821254595202
"355"	355	5.16	0.46251515450605	0.376123886861608	0.446056351422618
"356"	356	5.92	0.564141962702801	0.353277558438303	0.479217837454287
"357"	357	5.16	0.444691709824092	0.373055159585564	0.443288846921837
"358"	358	5.04	0.429158228919984	0.418994413407821	0.418994413407821
"359"	359	5.12	0.458465742790914	0.353882911596459	0.436629615453008
"360"	360	4.8	0.473905307449771	0.362645111721554	0.453524044078179
"361"	361	4.88	0.509825945107254	0.389025974025974	0.505015595757954
"362"	362	4.48	0.510195259945514	0.318896705183726	0.457673196843309
"363"	363	5.64	0.384931456161373	0.426997245179063	0.426997245179063
"364"	364	5.12	0.514869584637024	0.343808373559916	0.44736170408717
"365"	365	5.24	0.427162020427892	0.341572717590081	0.443985369331459
"366"	366	4.44	0.406742138196068	0.397104580594797	0.480180931701486
"367"	367	4.36	0.426167208528135	0.349960855164107	0.411061603609029
"368"	368	5.16	0.439280990705895	0.345879299156392	0.425863991081382
"369"	369	4.44	0.479248865613123	0.444444444444444	0.444444444444444
"370"	370	5.32	0.507803679207762	0.365545734193897	0.47221848569501
"371"	371	5.08	0.477526561517269	0.387840670859539	0.479281393879209
"372"	372	5.2	0.459901286233979	0.418675459470056	0.418675459470056
"373"	373	5.72	0.472212845135671	0.404891221853063	0.404891221853063
"374"	374	5	0.402155635465626	0.310345801751549	0.410918916422254
"375"	375	5.44	0.466644244417089	0.416	0.416
"376"	376	5.44	0.438563868892221	0.368586452664944	0.472825958702065
"377"	377	4.56	0.433602645054164	0.387267904509284	0.387267904509284
"378"	378	4.8	0.434596051214558	0.355186253304494	0.423029340592861
"379"	379	5.88	0.474329694475205	0.453825857519789	0.453825857519789
"380"	380	5.32	0.430133889060488	0.421052631578947	0.421052631578947
"381"	381	4.68	0.449760027292739	0.314548631208867	0.419807926227368
"382"	382	5.32	0.477957099522592	0.371955707794315	0.460065971611004
"383"	383	4.6	0.436450499803554	0.332645601190285	0.459127373601058
"384"	384	5.24	0.455432835342678	0.373741612793134	0.462413563820998
"385"	385	5.04	0.50537132949253	0.340189353771097	0.438595758891301
"386"	386	5.16	0.365954239937933	0.334492484519767	0.420578635928295
"387"	387	4.96	0.466865310735586	0.399985736653925	0.494881120905767
"388"	388	5.4	0.469649970161671	0.400890706657578	0.468434659072811
"389"	389	5	0.482078002780057	0.38560411311054	0.38560411311054
"390"	390	4.68	0.47777056961484	0.380543232336664	0.441430986768432
"391"	391	4.36	0.450729290844681	0.44636557591104	0.511098043772058
"392"	392	4.88	0.49026023931934	0.448979591836735	0.448979591836735
"393"	393	4.96	0.446018387671987	0.367940062750189	0.439543171141858
"394"	394	5.72	0.462498437181144	0.324643611540499	0.448711170965341
"395"	395	5.32	0.506677025007853	0.375617086935249	0.4645448915067
"396"	396	5.6	0.523040862300732	0.313911321524544	0.445730340380514
"397"	397	4.88	0.444262654019106	0.37677054249332	0.463476322092213
"398"	398	4.28	0.371992069562287	0.328053221288515	0.410451680672269
"399"	399	4.88	0.463990483612517	0.375342862661773	0.486974820850103
"400"	400	5.68	0.571593069077663	0.369301567092826	0.463307361028985
"401"	401	5.04	0.510589947266107	0.381841785460157	0.489799392008258
"402"	402	4.92	0.519325286692974	0.318794704603833	0.472939659958036
"403"	403	4.32	0.44594630376488	0.423147509509001	0.495945649791804
"404"	404	4.68	0.395368354274224	0.366901125172411	0.449301719778205
"405"	405	4.28	0.407566491957226	0.374788144454742	0.430112734182742
"406"	406	5.28	0.48465212853699	0.367573341033957	0.445115587067897
"407"	407	5.24	0.474573065617182	0.403248057926308	0.403248057926308
"408"	408	4.76	0.496360443434154	0.450980392156863	0.450980392156863
"409"	409	5.36	0.409545438797579	0.369080803052929	0.454287084637351
"410"	410	5.44	0.498537633601584	0.366278566834166	0.454523429537522
"411"	411	4.6	0.480172160620715	0.440389294403893	0.440389294403893
"412"	412	4.76	0.513072448170358	0.345763776472789	0.398469317691509
"413"	413	4.24	0.414217394044165	0.332530501046314	0.404043539620537
"414"	414	5	0.392410404787523	0.400966183574879	0.400966183574879
"415"	415	5.16	0.436243426809557	0.372832209807	0.4511843761895
"416"	416	5.16	0.383943729230992	0.429223204568412	0.410534577740731
"417"	417	4.6	0.52063344071298	0.388593497119445	0.458158667822661
"418"	418	4.84	0.416405464731768	0.348052012922028	0.462567107695491
"419"	419	4.64	0.43170387769387	0.352747763427509	0.440289978989297
"420"	420	4.76	0.454473769895673	0.373618538324421	0.449585823634267
"421"	421	5.64	0.558230704878556	0.366703236969873	0.473336199269809
"422"	422	4.72	0.482464015288035	0.357411543434818	0.428666019246049
"423"	423	3.92	0.429336455234317	0.41324343565932	0.530290050838032
"424"	424	4.56	0.428988907518316	0.402046912289928	0.492537310639609
"425"	425	5.12	0.422334063410178	0.320213403015951	0.416889909427223
"426"	426	4.96	0.481923088406409	0.401408450704225	0.401408450704225
"427"	427	4.36	0.460179749138231	0.386086574655276	0.462885794142505
"428"	428	4.84	0.377791453760876	0.394859813084112	0.394859813084112
"429"	429	5.68	0.559671503813973	0.380107162650042	0.483345745067107
"430"	430	5.04	0.471619950633976	0.437209302325581	0.437209302325581
"431"	431	5	0.48033924075531	0.381519065826695	0.454610729719193
"432"	432	4.36	0.369460248055725	0.339799378889818	0.475892281838993
"433"	433	4.88	0.450354425344132	0.443418013856813	0.443418013856813
"434"	434	4.88	0.412989722374494	0.375060854811266	0.493584733289347
"435"	435	4.96	0.484851719858986	0.379948745139625	0.466491756551032
"436"	436	4.84	0.386465680559138	0.410130562690836	0.484121475834802
"437"	437	4.92	0.358418297358723	0.363527034632999	0.471165198437926
"438"	438	4.72	0.416889527744011	0.357668384161909	0.477008781715724
"439"	439	4.48	0.497748163371875	0.366773644026319	0.426811077254726
"440"	440	4.76	0.465517079307115	0.434090909090909	0.434090909090909
"441"	441	4.76	0.471749290829531	0.373436228020189	0.465489404176904
"442"	442	4.52	0.437624942885477	0.326748855888671	0.477390180878553
"443"	443	4.8	0.467567583021592	0.328276448414737	0.421610511744195
"444"	444	5.08	0.425274229741208	0.384736298377962	0.474569955432942
"445"	445	4.68	0.434899622470118	0.342285315951356	0.430985819328309
"446"	446	4.04	0.415931157822172	0.355394999233011	0.433770714710631
"447"	447	5.04	0.352944031947554	0.413237426117988	0.489520116172681
"448"	448	5.44	0.377172775740649	0.358449226999633	0.449869177734037
"449"	449	4.68	0.412284555779206	0.380312633240761	0.461479157601704
"450"	450	4.84	0.433275531040921	0.376151216027807	0.440165486018735
"451"	451	5.32	0.464727010923342	0.372711584633854	0.462251192611876
"452"	452	4.72	0.40248436703594	0.337708366896316	0.427582234655966
"453"	453	4.68	0.397353343560707	0.370003474825088	0.486689072982096
"454"	454	4.48	0.385829875930045	0.361103651881689	0.455520108569056
"455"	455	4.88	0.48457629450703	0.382796759422332	0.444697712418301
"456"	456	4.44	0.413975686396716	0.358927057388299	0.446962007693717
"457"	457	3.76	0.363897685721868	0.340153836405257	0.4145717768005
"458"	458	4.44	0.466759651802672	0.386281666281666	0.440537050608993
"459"	459	4.72	0.438035325082798	0.408366694433539	0.495881085092237
"460"	460	5.04	0.463325462673825	0.354840472774476	0.467618436879556
"461"	461	5.16	0.453550844909414	0.367161940902558	0.490657447688242
"462"	462	4.28	0.517921440460292	0.406264029180696	0.503093882083244
"463"	463	3.48	0.381991097492054	0.371529290174217	0.501379442336963
"464"	464	4.6	0.453685556127962	0.353964071997489	0.452711933964888
"465"	465	4.52	0.513132833234028	0.350976745306829	0.442451261024292
"466"	466	4.2	0.365214666729658	0.365142790111495	0.444736726724887
"467"	467	4.36	0.470003104766329	0.402569593147752	0.402569593147752
"468"	468	4.24	0.38715225753805	0.361256964971592	0.449927620690968
"469"	469	4.96	0.386496161743683	0.341766610841665	0.427471475892529
"470"	470	4.36	0.378133100660188	0.487234042553192	0.487234042553192
"471"	471	5.24	0.497217555749177	0.355180926063947	0.449561787632431
"472"	472	5.2	0.458648982229786	0.392934991377408	0.462308924045866
"473"	473	4.96	0.429448125541036	0.365341870140151	0.436940841166193
"474"	474	5.28	0.533732373092609	0.430379746835443	0.430379746835443
"475"	475	4.56	0.417576027928544	0.41283627793586	0.41283627793586
"476"	476	4.32	0.450949503985516	0.395954772477479	0.458568738563275
"477"	477	3.88	0.443983662445573	0.348701445347787	0.454103690087146
"478"	478	5.4	0.409709619068629	0.401673640167364	0.401673640167364
"479"	479	4.6	0.443461645687647	0.39780836695659	0.506255926362774
"480"	480	4.68	0.4512487714522	0.346163825055597	0.459409907722195
"481"	481	4.4	0.395398292741098	0.428274428274428	0.428274428274428
"482"	482	4.2	0.451777795572823	0.371818365950854	0.462911964677701
"483"	483	4.32	0.459349977035715	0.349237472766885	0.454320987654321
"484"	484	4.76	0.360523012071915	0.378208016358501	0.477683343102438
"485"	485	4.36	0.405437600458522	0.389588589477301	0.461037044061781
"486"	486	4.6	0.493146631161067	0.389965681070271	0.473503834653371
"487"	487	3.92	0.320468485347452	0.417455782059253	0.493635731050517
"488"	488	3.84	0.425040461100308	0.386845448024786	0.479428513888407
"489"	489	4.64	0.460819728079857	0.363694492175196	0.463866174896512
"490"	490	4.56	0.419629240691787	0.391836734693878	0.391836734693878
"491"	491	5.04	0.396248650829665	0.351303029913816	0.447621314752722
"492"	492	4.56	0.475567353790933	0.368084566903023	0.459901608144363
"493"	493	5.28	0.459113517558835	0.370074528104757	0.442644419163191
"494"	494	4.84	0.491792516124844	0.39449617081196	0.461580001053685
"495"	495	4.04	0.458736241820917	0.357444508582211	0.454873502028042
"496"	496	4.72	0.460671047432874	0.371186916163224	0.458953999495566
"497"	497	4.28	0.465074110374122	0.389271036545715	0.481972365962482
"498"	498	4.12	0.469188052648158	0.322595685694974	0.39353964926292
"499"	499	4.52	0.412248174346392	0.408817635270541	0.408817635270541
"500"	500	4.12	0.389918006602811	0.368975485146127	0.473667370285451
"501"	501	4	0.448458570109694	0.332841115096439	0.452584476413516
"502"	502	4.48	0.402306440303677	0.352781765211144	0.447869623254239
"503"	503	4.88	0.485269706970801	0.34982859432747	0.425357174830036
"504"	504	5.48	0.438261005913513	0.372382569326542	0.462571056776933
"505"	505	4.04	0.382761920601865	0.357292333973948	0.450741050391427
"506"	506	3.36	0.417076318921407	0.434782608695652	0.434782608695652
"507"	507	4.4	0.456304250853063	0.362697445541063	0.422871515676216
"508"	508	4.2	0.469201269714249	0.357169374164593	0.446353704016978
"509"	509	4.52	0.419874571387061	0.384318578916715	0.463738264035256
"510"	510	4.04	0.358725425695099	0.353460049773662	0.431898929171087
"511"	511	4.48	0.445875540551319	0.403131115459883	0.403131115459883
"512"	512	4.24	0.39693063018696	0.361165109865046	0.436899272598054
"513"	513	4.2	0.317180962508888	0.36513264079689	0.463991763866882
"514"	514	4.24	0.402530427597151	0.3553883750448	0.442985731541508
"515"	515	4.36	0.401902867045392	0.387177470696177	0.475856146001074
"516"	516	4.2	0.424013995697671	0.360799342414047	0.449140737062783
"517"	517	4.32	0.437908188822374	0.429400386847195	0.429400386847195
"518"	518	4.2	0.462056536939789	0.411196911196911	0.411196911196911
"519"	519	4.4	0.449107816596238	0.365566010185964	0.46547109504895
"520"	520	4.68	0.360571847634728	0.442307692307692	0.442307692307692
"521"	521	4.76	0.456899285775263	0.351389252835293	0.458200261009315
"522"	522	4.48	0.438208250151579	0.355555782338423	0.426845950949846
"523"	523	4.84	0.432105532130355	0.343998045671725	0.426901642303523
"524"	524	4.36	0.332315397880455	0.325921762357073	0.415815997830742
"525"	525	4.2	0.460340153623658	0.350311248015066	0.43780842805273
"526"	526	4.4	0.462697042170258	0.373211899952129	0.462869839405817
"527"	527	4.36	0.418183246229866	0.382728910968245	0.427845200935863
"528"	528	4.04	0.350794357076193	0.367094801223242	0.440276137705514
"529"	529	4.8	0.472329464348639	0.363510161519347	0.462911755915291
"530"	530	4.12	0.402650820766088	0.371618734511386	0.427304137934119
"531"	531	4.04	0.451058574909461	0.367515074283356	0.463447289812085
"532"	532	4.8	0.387934537376271	0.37448826405199	0.474860289100767
"533"	533	4	0.422871011378545	0.374229341567871	0.490169989498442
"534"	534	4.24	0.417886620215713	0.404795913297752	0.475244243294528
"535"	535	4.32	0.374604025588271	0.343100205413852	0.457059659123142
"536"	536	4.04	0.43075523473638	0.393256989464918	0.479106370054205
"537"	537	4.6	0.482058087679984	0.364178713378819	0.425918988048227
"538"	538	4.24	0.436278771584327	0.365355013638554	0.452059290048487
"539"	539	4.92	0.547173082955049	0.397031539888683	0.397031539888683
"540"	540	4.2	0.502713080051728	0.38943121098145	0.45741667825695
"541"	541	4.16	0.469058135083839	0.373859145359454	0.458957925606495
"542"	542	4.8	0.44017923163702	0.374820896100376	0.482042663219134
"543"	543	3.52	0.445178611567418	0.393572294996745	0.479208268341264
"544"	544	4.84	0.571818015796889	0.387377471031846	0.47293661031092
"545"	545	4	0.41686252335194	0.381954231881908	0.489469489981785
"546"	546	4.24	0.461161583216382	0.358683530531756	0.44375541068179
"547"	547	4.36	0.439225690807132	0.436928702010969	0.436928702010969
"548"	548	4.28	0.446925619437956	0.380784542240372	0.469933693767048
"549"	549	3.96	0.473049017587489	0.396375581300818	0.484269717108406
"550"	550	4.28	0.484857313648799	0.383572448827624	0.472637335774884
"551"	551	3.44	0.408113039785758	0.44464609800363	0.44464609800363
"552"	552	5.12	0.485016740421409	0.378482095486763	0.459553602346963
"553"	553	3.92	0.413300246583421	0.327354832777742	0.435471053779731
"554"	554	4.4	0.450501932503724	0.358092382775265	0.472142471651531
"555"	555	3.88	0.430986429952043	0.35043305412943	0.447385838616095
"556"	556	4.04	0.408776867225036	0.380857293057206	0.470379771739709
"557"	557	3.84	0.463456469975482	0.358616592257655	0.460552777116245
"558"	558	4.44	0.373401208388901	0.366696074591992	0.459388788717129
"559"	559	4.8	0.548800662220322	0.361070540401847	0.440831418192601
"560"	560	3.88	0.392314475881479	0.354650922905081	0.427836753375268
"561"	561	4.36	0.376215065281709	0.317864595176252	0.423590089402236
"562"	562	4.28	0.326130757304879	0.367107698944509	0.480554834408397
"563"	563	4.16	0.362044379567176	0.352316444966093	0.485590277777778
"564"	564	4.4	0.414814220172595	0.372369571553483	0.444785692260253
"565"	565	4.08	0.340170304094459	0.366262856869647	0.456832025990126
"566"	566	3.68	0.317949201665391	0.348986676311952	0.442937545587878
"567"	567	4.6	0.407485017061802	0.394097555574074	0.478058396719662
"568"	568	3.96	0.413910208656992	0.378687794890056	0.466813808617032
"569"	569	4.44	0.511749479403159	0.390158172231986	0.390158172231986
"570"	570	4.24	0.439467873756649	0.357363166104144	0.461731000765283
"571"	571	4.4	0.368186073853684	0.404553415061296	0.404553415061296
"572"	572	3.84	0.3736792409497	0.351770856536723	0.438217802604992
"573"	573	3.92	0.410364927285471	0.34083200521202	0.416146825375168
"574"	574	4.44	0.480451085173488	0.378371411359135	0.465587304350136
"575"	575	4.04	0.475777429837774	0.359932170542636	0.435040509259259
"576"	576	3.64	0.469235089983452	0.357875824446465	0.467276119583777
"577"	577	3.96	0.450202021854092	0.388998956214032	0.442857289918582
"578"	578	4.28	0.403701811330298	0.366641333260952	0.452978303747535
"579"	579	3.6	0.34148166838252	0.403321316205653	0.477896575445049
"580"	580	4.52	0.432217383669161	0.327619136637607	0.453638909560782
"581"	581	4.12	0.481588759685523	0.350202844774273	0.432499737459306
"582"	582	3.8	0.452017583498246	0.385264105642257	0.461751614592425
"583"	583	4.2	0.455891837251431	0.445969125214408	0.445969125214408
"584"	584	3.96	0.396662057121568	0.349883402725072	0.440886645480437
"585"	585	3.92	0.338621296808909	0.427350427350427	0.427350427350427
"586"	586	3.96	0.376713518806036	0.367445078557431	0.437951318458418
"587"	587	3.96	0.337235261995643	0.394775040075089	0.474851673151357
"588"	588	3.68	0.336744300641554	0.395207655768178	0.463288514635604
"589"	589	4	0.397757659320433	0.326905813052621	0.429300408872863
"590"	590	3.48	0.4126032718265	0.418848263902842	0.461233841573305
"591"	591	4.88	0.460943659798915	0.400165088666827	0.485130081975755
"592"	592	3.6	0.319188585620632	0.356228091178234	0.469740139756362
"593"	593	4.44	0.429662400878628	0.404997409877501	0.479543343051506
"594"	594	3.76	0.332678432280958	0.391993874519942	0.451001657813485
"595"	595	3.84	0.423200848597841	0.342802757174876	0.424408899748383
"596"	596	4	0.44072880313847	0.361352690243567	0.475492568375123
"597"	597	3.36	0.341795629642187	0.385375740685243	0.497007924655417
"598"	598	4.08	0.442389654764987	0.359013787570664	0.456762377407539
"599"	599	3.56	0.480985207839527	0.368296807289833	0.473031295898768
"600"	600	4.28	0.496278916541909	0.345467626906797	0.423992906951901
"601"	601	4.56	0.441126293203043	0.356026313754638	0.449326272606227
"602"	602	4.04	0.396115928950297	0.373040831412793	0.452452617696309
"603"	603	4.68	0.472359205195483	0.372820593374142	0.472256909404603
"604"	604	3.44	0.360170900645587	0.376289675866638	0.454421359423804
"605"	605	3.64	0.439220184533941	0.391242767409723	0.467494515222901
"606"	606	3.88	0.369756059090626	0.349861293401742	0.434057098289091
"607"	607	4.24	0.427022122974093	0.369113684632067	0.480072729744159
"608"	608	3.92	0.398743524691405	0.374950175606044	0.457258645716191
"609"	609	3.68	0.423949537448351	0.359850975235591	0.456123782090633
"610"	610	4.2	0.440869725661416	0.379464517733893	0.445424838618455
"611"	611	3.88	0.346771034124783	0.370990466716693	0.454791723628233
"612"	612	4.08	0.304063126913432	0.349016868618848	0.437788584797656
"613"	613	3.76	0.36896894407987	0.337473182167687	0.424074096807061
"614"	614	3.8	0.406188118563617	0.363208989157637	0.420091592564713
"615"	615	4.32	0.433605753057	0.359068398920475	0.489380373130165
"616"	616	3.8	0.430504747193594	0.327935198223492	0.439048150394768
"617"	617	3.72	0.472948328183353	0.344267202668605	0.428471688336488
"618"	618	4.04	0.397825108239375	0.347717332547054	0.47447218451809
"619"	619	4	0.406172100173593	0.345680832819607	0.439737136957109
"620"	620	3.36	0.390509294126767	0.408972761505419	0.482818816998827
"621"	621	4.36	0.406870509141954	0.353177257525084	0.435029771935738
"622"	622	3.76	0.262320041374548	0.368498384591346	0.46908915583067
"623"	623	4.32	0.39511021011047	0.393585091933935	0.477480837910607
"624"	624	3.92	0.333096856224166	0.376306796013525	0.461195324120892
"625"	625	4.48	0.449852932327783	0.368550885972781	0.424221056324997
"626"	626	3.64	0.41576839516642	0.387468681338921	0.482540744886937
"627"	627	3.44	0.362344826737135	0.430646428500526	0.430646428500526
"628"	628	3.32	0.348674872603037	0.333241664480147	0.42892249997025
"629"	629	3.44	0.366907289286344	0.329651652338431	0.435233757998501
"630"	630	4	0.371563761974287	0.382539682539683	0.382539682539683
"631"	631	4.28	0.457395802026713	0.36626139738211	0.449750386912525
"632"	632	3.52	0.40918155131929	0.36724513618677	0.438037436002458
"633"	633	3.32	0.397918950564575	0.37454347490078	0.464227345167282
"634"	634	4.16	0.495683549169373	0.342704790249433	0.436226159311892
"635"	635	4.28	0.42572983800372	0.3543361114824	0.445950167002494
"636"	636	3.88	0.45558774171695	0.401907829113981	0.476731766451714
"637"	637	4	0.421305350318088	0.344064774922003	0.448061480861126
"638"	638	4.12	0.391307128955045	0.406806292514314	0.462850356283407
"639"	639	3.44	0.389055549078311	0.400298274963937	0.50267269349669
"640"	640	4.16	0.403641563778576	0.37813342070513	0.493504217496712
"641"	641	3.88	0.411963952213309	0.395208988972198	0.437812224069742
"642"	642	3.96	0.423620350428173	0.368255393815341	0.447515917469154
"643"	643	3.4	0.40922100942781	0.370441929327199	0.469461430428221
"644"	644	3.88	0.432202078422797	0.389458179827638	0.471941601114527
"645"	645	3.48	0.393122981751945	0.375694984387656	0.47847204069642
"646"	646	4.08	0.420416154458958	0.353700650690838	0.462363948213662
"647"	647	4.28	0.460218481951151	0.360688240296507	0.445453716993026
"648"	648	3.88	0.378929441389975	0.393444914060299	0.468162305466173
"649"	649	4.08	0.405292319568393	0.369071410189629	0.474988255044818
"650"	650	4.6	0.476536833378741	0.397812316715543	0.456075983717775
"651"	651	4	0.441117325685752	0.334366714702503	0.432082077866562
"652"	652	3.96	0.357512226109538	0.34639004964463	0.43056200679568
"653"	653	3.6	0.454858283275309	0.430219872635952	0.509877367940371
"654"	654	3.96	0.427382633841028	0.362829877405755	0.453935985991258
"655"	655	4.44	0.432838380095812	0.31353928052214	0.402996588078905
"656"	656	3.36	0.376070866902993	0.338997673110096	0.423676581018854
"657"	657	4.12	0.341849200156248	0.355758673833821	0.455092766003873
"658"	658	3.92	0.464494027082909	0.365759095149254	0.456133511546744
"659"	659	3.52	0.39074298364317	0.373799869195553	0.451663087568599
"660"	660	3.92	0.442537639575363	0.382549611734254	0.460716093117409
"661"	661	4.44	0.452521715724797	0.349262666571441	0.43761811252811
"662"	662	3.8	0.360071265424247	0.37024243606959	0.455934639879279
"663"	663	3.76	0.434289338083664	0.370436161995621	0.471945771535579
"664"	664	3.6	0.400583152868204	0.376413446639703	0.480366538870683
"665"	665	3.4	0.341085933590685	0.340046960648474	0.437410575313474
"666"	666	3.4	0.345198043107321	0.376101640137596	0.455369973795044
"667"	667	3.6	0.395893312176787	0.318076958685707	0.424123167984305
"668"	668	4.48	0.467945812797916	0.327467831764932	0.441951713896183
"669"	669	3.24	0.408516998845676	0.352133197695064	0.460690424550069
"670"	670	2.88	0.254530765760276	0.36752741774676	0.482493825057491
"671"	671	4.28	0.476796585617982	0.405365126676602	0.405365126676602
"672"	672	4.08	0.447647050664523	0.319649134709367	0.388419333429624
"673"	673	3.8	0.415277474955979	0.383756345177665	0.446061380759823
"674"	674	3.68	0.358014200319604	0.288418799419829	0.431359602324793
"675"	675	3.84	0.47316528866299	0.362703962703963	0.471122536418166
"676"	676	3.52	0.451305446946717	0.383801219445317	0.483157857731311
"677"	677	3.04	0.331385533656395	0.381266628783721	0.467109911830182
"678"	678	3.8	0.387446596160517	0.367781478483566	0.467890241015936
"679"	679	3.56	0.389239635797708	0.35160634026432	0.478236918569016
"680"	680	4.04	0.416140124742818	0.348629792770768	0.462887854750564
"681"	681	3.36	0.332986087529494	0.380072600227201	0.447326459745211
"682"	682	3.96	0.408271581603656	0.34803296654008	0.45332187021797
"683"	683	3.12	0.359726030976202	0.362915206367119	0.433237491495264
"684"	684	3.44	0.382748543282157	0.32341161080677	0.424392469203139
"685"	685	4.24	0.374143695994227	0.364575918892521	0.459158394929636
"686"	686	3.96	0.350405812853568	0.34423118111274	0.439469966013671
"687"	687	3.56	0.489883263715389	0.390039444584899	0.467453164211269
"688"	688	4.04	0.406017008214817	0.349857199667402	0.40668219144503
"689"	689	3.6	0.430784044028458	0.356807531907741	0.443598524734099
"690"	690	3.64	0.467425440464631	0.377060322912466	0.452435328267963
"691"	691	3.08	0.291380563973915	0.366754218659046	0.421105210624044
"692"	692	3.24	0.440688651332632	0.375257427226616	0.425903176298307
"693"	693	3.92	0.349808182216578	0.329573791698778	0.459091709068874
"694"	694	3.96	0.432678311263455	0.42507204610951	0.42507204610951
"695"	695	3.64	0.392485703852554	0.437410071942446	0.437410071942446
"696"	696	3.52	0.404382223354587	0.381335445531613	0.421457365635786
"697"	697	3.52	0.365607573034595	0.326355773658602	0.385607043610183
"698"	698	3.64	0.363728806345027	0.358470242223485	0.435116995693549
"699"	699	3.92	0.421833702421251	0.369994308640574	0.488681756381532
"700"	700	3.08	0.37454320403542	0.36538371329393	0.475435783109621
"701"	701	3.44	0.379463443162019	0.365169034756222	0.478395857030625
"702"	702	3.96	0.483303324993403	0.37601066712286	0.442143949386427
"703"	703	3.72	0.451724237320969	0.388172605101846	0.470795331251027
"704"	704	3.96	0.456205975764348	0.374619454085154	0.462794348841033
"705"	705	3.16	0.318997309552454	0.33183394421737	0.448194886897162
"706"	706	3.4	0.452279278301397	0.352697977697978	0.462210424710425
"707"	707	3.4	0.446482154397044	0.358016194498139	0.454437304143931
"708"	708	3.8	0.389329837644789	0.365361846633931	0.443770817417876
"709"	709	3.28	0.378983653272226	0.338281811912619	0.440310642536622
"710"	710	3.92	0.427779398825047	0.342654841643926	0.453106375053214
"711"	711	4.2	0.419187800306738	0.400572562596767	0.463519108878477
"712"	712	3.56	0.414062412497045	0.377475075187444	0.439001883907849
"713"	713	3.76	0.457959750444768	0.371206166668826	0.445332909894918
"714"	714	3.2	0.454157910712616	0.357961995290138	0.451807555677856
"715"	715	3.76	0.420013107854522	0.362726509569492	0.438306476369985
"716"	716	3.96	0.357929438146463	0.35792932400349	0.459167722139749
"717"	717	4.04	0.413000939366245	0.347938928856914	0.442729787393107
"718"	718	3.52	0.415124590801676	0.358072897864391	0.444808960412142
"719"	719	3.88	0.4400956065978	0.389514615840411	0.478739232291485
"720"	720	3.96	0.485909849399071	0.365467018228721	0.439754945779271
"721"	721	3.84	0.358442264282567	0.378751189093046	0.443000336262291
"722"	722	4.04	0.443099542065251	0.335518882190672	0.432850740135508
"723"	723	3.8	0.38823843456573	0.366251813969045	0.440788708645852
"724"	724	3.52	0.416821828480473	0.37908416743156	0.47140208471945
"725"	725	3.08	0.345411805196205	0.35860767360543	0.461501062686921
"726"	726	3	0.345627969694093	0.349700702198688	0.435224412345583
"727"	727	3.44	0.402480372894669	0.36760884947667	0.460262384279609
"728"	728	3.56	0.425198245973413	0.344736903529998	0.416238134475071
"729"	729	3.16	0.351380502547443	0.376662782680929	0.464530538769246
"730"	730	3.72	0.421752021610427	0.385161130331268	0.460637854143163
"731"	731	3	0.388181849487946	0.358440169350798	0.467980530621409
"732"	732	3.52	0.410562980395772	0.347325500260836	0.44332029062651
"733"	733	3.44	0.379236471174225	0.356516542120797	0.454438906751864
"734"	734	3.08	0.356166602814863	0.383211673792243	0.458485404677274
"735"	735	3.52	0.401770682058391	0.39368728163924	0.486738568012852
"736"	736	3.76	0.468492007163763	0.322892653472941	0.420049757424958
"737"	737	3.64	0.420087719990613	0.33507251556032	0.459355344899664
"738"	738	3.76	0.426053054255525	0.356398926660354	0.448608263939256
"739"	739	3.36	0.401122362528191	0.365466424234068	0.455424176360728
"740"	740	3.56	0.412215864864735	0.364270430403312	0.458666515828253
"741"	741	3.24	0.475169317484921	0.374058254440108	0.442358807662572
"742"	742	4.12	0.495610691988066	0.366612310151879	0.459776856480917
"743"	743	3.84	0.41943174054506	0.345841625645433	0.426951977833959
"744"	744	4.28	0.496466271337675	0.362915881983679	0.425255712282438
"745"	745	3.12	0.327270826793841	0.336295999681636	0.445649640781132
"746"	746	3.28	0.456262373070895	0.389309623501661	0.470531132332165
"747"	747	3.72	0.498692511676886	0.336903115645593	0.424422231199798
"748"	748	3.24	0.372372510803036	0.355945824332559	0.442930248080988
"749"	749	3.4	0.439534358895836	0.425661180741308	0.502922600180231
"750"	750	3.6	0.462690358545222	0.355191516619459	0.433104782561266
"751"	751	3.12	0.393076314645723	0.333205351058559	0.442718822601052
"752"	752	3.88	0.416914068902275	0.34998149052534	0.44127825717369
"753"	753	3.56	0.403839693122886	0.388047812710567	0.457088336578447
"754"	754	3.92	0.398723021160546	0.397877984084881	0.397877984084881
"755"	755	3.28	0.390433277413533	0.349878704037852	0.447411520940933
"756"	756	3	0.334839468827499	0.364376114117093	0.44235671348332
"757"	757	3.96	0.444433866703298	0.360439797713332	0.451078664661735
"758"	758	2.8	0.420433541365723	0.335670476397246	0.411722955652397
"759"	759	3.04	0.367203926628713	0.383529828233701	0.456749829034178
"760"	760	3.08	0.369038168355032	0.369466662022779	0.455559460443952
"761"	761	3.2	0.37041469513287	0.357011468663021	0.46309728110123
"762"	762	3.88	0.468873274116407	0.326439205152093	0.425678954437411
"763"	763	3.4	0.398754298578821	0.354627720643865	0.44184820021976
"764"	764	2.88	0.348199204402812	0.360292692436755	0.442858475969893
"765"	765	2.96	0.326257641957519	0.431372549019608	0.431372549019608
"766"	766	3.24	0.40952170425801	0.35298327271125	0.462723257142813
"767"	767	3.44	0.397969860174418	0.342700161600791	0.455332939251316
"768"	768	3.12	0.479297502175301	0.345994607347681	0.449059510592628
"769"	769	3.08	0.5083001788839	0.407591621414511	0.475907732090357
"770"	770	3.8	0.495288489477398	0.343554987838015	0.434676574457604
"771"	771	3.52	0.423666454099952	0.366801662375732	0.439049004308488
"772"	772	3.48	0.380124622008957	0.323473809483137	0.430600372698394
"773"	773	4.32	0.426351946508605	0.366595156369184	0.41874072839263
"774"	774	3.84	0.437934366461457	0.437984496124031	0.437984496124031
"775"	775	4.04	0.397169323143321	0.3570825752027	0.448584857516126
"776"	776	3.64	0.393591757802116	0.346051891786926	0.40654469349033
"777"	777	3.6	0.445165617645834	0.364188125752793	0.480874575623376
"778"	778	3.4	0.358023424572	0.33291451195863	0.429052353189797
"779"	779	3.96	0.396601483746644	0.38461120792466	0.475377522756972
"780"	780	3.6	0.382596364031421	0.360642509992306	0.444604296642643
"781"	781	3.32	0.419814169503097	0.355483537901641	0.441242090196257
"782"	782	3.8	0.412562880091606	0.342560272401249	0.422952032433025
"783"	783	3.72	0.348588964412549	0.374682264182384	0.456068457838369
"784"	784	4.24	0.525508613459985	0.402331024425085	0.472079368859203
"785"	785	3.04	0.383035381254978	0.389861883279343	0.468450747928858
"786"	786	3.32	0.385795925156627	0.35185141565987	0.474925509430765
"787"	787	4.08	0.413736456003076	0.361814515145603	0.459644694401111
"788"	788	3.12	0.393092590235046	0.377023612762128	0.435617237875531
"789"	789	3.68	0.509716614490308	0.374677522786243	0.466002648094989
"790"	790	3.08	0.444821757256297	0.381923984969907	0.477346772338512
"791"	791	3.88	0.339703350164581	0.355299982639952	0.437459536171983
"792"	792	3.32	0.408563902396518	0.383063698445971	0.461967970292529
"793"	793	3.64	0.367022521148629	0.400726093996742	0.471437266435964
"794"	794	3.4	0.413364937052919	0.388502259405974	0.454393260118043
"795"	795	3.4	0.416545651226608	0.341445306813197	0.441763832305831
"796"	796	3.8	0.386587419436928	0.413695375549698	0.524136444577343
"797"	797	3.12	0.355285235831534	0.36456599665766	0.45065301625978
"798"	798	2.6	0.376704693832306	0.34314887082931	0.435245517536716
"799"	799	3.48	0.423817798917437	0.389989418547272	0.447924099144021
"800"	800	3.48	0.368387287564166	0.365145109671179	0.449644923787825
"801"	801	3.36	0.375234684685271	0.395814841910469	0.463102475888109
"802"	802	3.96	0.47105746076602	0.378894704480479	0.461241242291831
"803"	803	2.88	0.362171616212375	0.368053630820399	0.460088691796009
"804"	804	4.24	0.461025932271017	0.411691542288557	0.411691542288557
"805"	805	3.32	0.327332516142684	0.338946932280266	0.460150711432763
"806"	806	2.48	0.366251010663829	0.352555613906499	0.430096956511749
"807"	807	2.88	0.426365172181146	0.339482111775105	0.455595900377405
"808"	808	3.2	0.325054941502395	0.330825755868034	0.421666291173459
"809"	809	3.24	0.407206029296442	0.330173706810678	0.431575295717115
"810"	810	4.04	0.373977328750123	0.409954753283714	0.47475405960524
"811"	811	4	0.39183103258508	0.389371597206908	0.471671079985071
"812"	812	2.6	0.263475701762432	0.419950738916256	0.419950738916256
"813"	813	3.28	0.450657767345984	0.393775533389572	0.461452364866699
"814"	814	3.4	0.44568234636727	0.35143688501525	0.431705700680377
"815"	815	3.56	0.403451077307325	0.359067935028681	0.471149652454712
"816"	816	3.16	0.401940037336988	0.391796332251521	0.452263783115311
"817"	817	3.8	0.444602788227341	0.356991856547097	0.427473152955177
"818"	818	4.28	0.44766904547701	0.345967983599384	0.432749422289136
"819"	819	3.32	0.408415216061075	0.379776464279752	0.490356537547955
"820"	820	3.08	0.336558229303467	0.393189446689784	0.455956071101977
"821"	821	3.4	0.40722100966367	0.386049637260977	0.463251452697247
"822"	822	3.32	0.330483347916573	0.371412944805872	0.448949193574569
"823"	823	3.28	0.347290773224725	0.383442083200078	0.429837022782879
"824"	824	2.52	0.324634213945039	0.321860005601688	0.43160502719048
"825"	825	3.48	0.41349299016258	0.388397966846578	0.467069293589268
"826"	826	3.64	0.419623181334562	0.358492990284867	0.46901731261459
"827"	827	3.6	0.395950616774615	0.371259553304829	0.445561606958266
"828"	828	2.92	0.375290012177391	0.367743122570243	0.459309912332494
"829"	829	2.92	0.294108086642737	0.409036618628742	0.480689093689486
"830"	830	3.72	0.460867703431623	0.367932223196027	0.426694633408919
"831"	831	2.92	0.377617343427831	0.360571225071225	0.458131130142
"832"	832	2.84	0.369770972686457	0.360087708518896	0.465747036164619
"833"	833	3.36	0.442994039018065	0.394450015459567	0.468181062265601
"834"	834	3.4	0.337091101840967	0.39344863651826	0.467921034788505
"835"	835	3.24	0.386167268612957	0.373532293689019	0.438513133303734
"836"	836	3.32	0.379617619914509	0.373364654048465	0.450477128353075
"837"	837	2.76	0.394591382205133	0.399810363820731	0.470526974937937
"838"	838	3.48	0.393230761035257	0.347303782335535	0.434180127005143
"839"	839	3.64	0.381968393508672	0.354497054495869	0.430286781957492
"840"	840	3.44	0.407661765973575	0.354013052066331	0.458068359236392
"841"	841	2.72	0.349336684480031	0.361506378882572	0.425370092551816
"842"	842	3.36	0.399828111189586	0.341820806258151	0.43877630149082
"843"	843	2.92	0.382425105862593	0.353479829369063	0.447455318431371
"844"	844	3.4	0.360443994687225	0.35922587821866	0.456327942124022
"845"	845	3.12	0.336307978103371	0.395117535074287	0.467346490059165
"846"	846	2.84	0.273450920619207	0.347122643378736	0.437791130781914
"847"	847	3.52	0.40404816858511	0.3532791659234	0.446266335829723
"848"	848	3.48	0.444524607037033	0.373456627238683	0.492129634915277
"849"	849	3.52	0.360685500462249	0.37972494685109	0.452226966897476
"850"	850	3.08	0.382331443714077	0.350492926751829	0.452745350666617
"851"	851	2.64	0.408152817801603	0.346254914239387	0.443759001160892
"852"	852	3.44	0.371693730057724	0.374810775083649	0.461823031907592
"853"	853	3.36	0.295796445830433	0.357742901837994	0.444650213667996
"854"	854	3.4	0.360731496110841	0.339215536646784	0.414777532117487
"855"	855	3.72	0.435209441093341	0.342882424754716	0.389527291358861
"856"	856	3.36	0.404878786179937	0.366990548597922	0.452593774552462
"857"	857	3.2	0.408729785543701	0.352294497307379	0.425673333160127
"858"	858	2.4	0.455538630671536	0.372414262065214	0.426274189806482
"859"	859	3.6	0.359078911331798	0.364802225777836	0.464057099363222
"860"	860	3.4	0.442911251540875	0.351452896440718	0.439892637667956
"861"	861	3.8	0.469667625663683	0.356102024022114	0.440069888762397
"862"	862	2.68	0.331149736418648	0.398955554625356	0.465041430425634
"863"	863	2.8	0.436270025663619	0.360853984302064	0.449137175484874
"864"	864	3.44	0.441538150774563	0.372050448859348	0.443603188883754
"865"	865	2.92	0.412523106242393	0.365384312552163	0.457359578928552
"866"	866	2.84	0.422378426120861	0.367389385971667	0.445816141382172
"867"	867	3.64	0.420043761485539	0.367726228300413	0.462849938105941
"868"	868	3.08	0.388021819375835	0.354866756228627	0.434897333559783
"869"	869	3.32	0.464082790424628	0.364197132061109	0.461986130643784
"870"	870	3.4	0.326107801959763	0.357336102194197	0.428134298807253
"871"	871	3.52	0.388671264033894	0.397950467743213	0.478358334764339
"872"	872	2.28	0.32028710768354	0.367296808101758	0.454209697436285
"873"	873	3.48	0.429544720307619	0.346960888530495	0.443127982773353
"874"	874	3.2	0.34956228589585	0.363039919505648	0.44082336276988
"875"	875	3.56	0.387001769926837	0.386204095751626	0.469201113110057
"876"	876	3.48	0.524108904274249	0.388249678091851	0.452320154446366
"877"	877	4.04	0.425641706440852	0.385428928473091	0.451284225225874
"878"	878	2.92	0.440740902378388	0.351736085470717	0.432792446859177
"879"	879	2.72	0.325125568767119	0.418657565415245	0.418657565415245
"880"	880	3.64	0.375911923939487	0.377078005361204	0.455317996608218
"881"	881	2.6	0.37042099487398	0.371121779965111	0.440536225968285
"882"	882	2.88	0.338524599459989	0.35116813737323	0.427419987541795
"883"	883	3	0.402180893624489	0.397137535569363	0.465166666828263
"884"	884	3.68	0.458128486990331	0.364686365973646	0.469867280380309
"885"	885	2.88	0.400118634134603	0.314673187767435	0.430436185466634
"886"	886	3.56	0.492515464398717	0.371957969461505	0.457444886681517
"887"	887	2.68	0.322174958096903	0.357937866982165	0.461032057900186
"888"	888	3	0.377260896443287	0.332980716253444	0.438854252251381
"889"	889	2.72	0.369840873116825	0.372644616607509	0.450059753771064
"890"	890	3.28	0.394018837279758	0.368614417087317	0.458924678823234
"891"	891	3.32	0.47905580995868	0.341598134524066	0.419594415021297
"892"	892	3.48	0.415315967983698	0.34048710062143	0.44588134230969
"893"	893	3.2	0.395383453803472	0.368643991305591	0.451371459453054
"894"	894	3.16	0.365798762912325	0.303195610541322	0.438275470126615
"895"	895	2.8	0.305517681839225	0.357777840127094	0.459075077577661
"896"	896	2.88	0.415938492887206	0.370754450793361	0.468936954605676
"897"	897	2.92	0.379705083961907	0.340897306208085	0.434107753805334
"898"	898	2.92	0.359969720452473	0.409992520027648	0.499503257532263
"899"	899	2.84	0.318100171704941	0.368880316060954	0.465752614799963
"900"	900	2.84	0.331752405389849	0.387285592378362	0.48050390040404
"901"	901	3.4	0.456080989962918	0.415693231521544	0.475277319398607
"902"	902	3.04	0.331860860131217	0.338406710604265	0.421150195296766
"903"	903	3.8	0.330335310008257	0.372704278797974	0.44889552189619
"904"	904	3.24	0.48584452536303	0.380775780201068	0.463111562032425
"905"	905	3.48	0.444141442613971	0.364280906643382	0.462126373593362
"906"	906	2.92	0.390795114406178	0.353913865689876	0.45884444037129
"907"	907	2.84	0.337741918135693	0.356459388414309	0.447636149346826
"908"	908	3.12	0.449459464702	0.32397553817511	0.427942412173248
"909"	909	2.96	0.325697044645935	0.414741474147415	0.414741474147415
"910"	910	2.52	0.382760512321392	0.387787107831475	0.451273231704841
"911"	911	2.44	0.301928958353353	0.315635091868234	0.422630308456761
"912"	912	3.24	0.343271426504803	0.378337365027331	0.478978233903364
"913"	913	3.36	0.399767332941627	0.347464148165154	0.437928604084121
"914"	914	3.32	0.306121583488123	0.331313232222323	0.427942316942317
"915"	915	3.04	0.439202923141961	0.383492064130729	0.463391994058959
"916"	916	2.96	0.384239906171669	0.351109785012208	0.437105133340371
"917"	917	3.12	0.393009338456854	0.379251848604894	0.452347690500838
"918"	918	3.32	0.365434447875765	0.364324460062216	0.432554806368209
"919"	919	3.52	0.444774237894443	0.36034216346822	0.467592256250847
"920"	920	2.28	0.368661508241588	0.373542733124996	0.447517762277345
"921"	921	2.36	0.265959648307004	0.376739236781067	0.472175783704819
"922"	922	3.88	0.418446420935143	0.36108386515546	0.450453152007999
"923"	923	3.04	0.415226300268296	0.364693853549862	0.458032132869931
"924"	924	3.12	0.353382768636095	0.373867855705509	0.462358542641078
"925"	925	3	0.352951041601771	0.365155371420383	0.470962423980049
"926"	926	3.24	0.440544463641646	0.372384632965572	0.476262900597501
"927"	927	2.8	0.359954180846585	0.382445632636478	0.467040569016905
"928"	928	2.64	0.337741869663614	0.406468658450525	0.47514722211813
"929"	929	2.96	0.386804430798015	0.380331695967416	0.461865683390737
"930"	930	3.64	0.422564379802738	0.360306452058572	0.452517818995567
"931"	931	3.08	0.368615282748508	0.372495501392634	0.436275733645275
"932"	932	3.12	0.333752453609214	0.349925398964661	0.466508634654813
"933"	933	3.12	0.44444176522307	0.318518172417889	0.440186462869108
"934"	934	2.64	0.433473488045498	0.357897736864648	0.43632032393522
"935"	935	3.44	0.41586014635779	0.380934673896975	0.480982264966917
"936"	936	3.04	0.365914754245553	0.36980202709103	0.448453958545702
"937"	937	2.88	0.455195971760628	0.351018206899463	0.443583315840048
"938"	938	3.4	0.394998876685278	0.374708053123014	0.451741409177196
"939"	939	3.64	0.416735049358751	0.367958182156288	0.449139326235204
"940"	940	2.56	0.342082069817004	0.35200146896805	0.437516204303863
"941"	941	3.28	0.439498727263477	0.383051042895512	0.453815962646896
"942"	942	3.24	0.341397448265533	0.366598100595054	0.452801064772567
"943"	943	3.32	0.420391872623968	0.358672309654237	0.436648480005267
"944"	944	2.92	0.396840067798769	0.374127097030371	0.455744662630931
"945"	945	2.36	0.326413553943402	0.34535344159562	0.444053780109557
"946"	946	3.32	0.439940551075176	0.359254823466141	0.438565369423918
"947"	947	2.88	0.308064523990396	0.373876720928489	0.443453214858417
"948"	948	3.12	0.388777247648037	0.377221786942194	0.477036997340107
"949"	949	3.12	0.358458630530549	0.370724423220251	0.464313305587586
"950"	950	3.4	0.410917184059084	0.354100310185883	0.428195449878772
"951"	951	2.88	0.405711404143278	0.3841905855928	0.441392546649343
"952"	952	3.2	0.391945227482456	0.346893165425433	0.445089889499807
"953"	953	2.92	0.446017379070395	0.362636230424032	0.439991720042256
"954"	954	2.76	0.341786594994931	0.400745735407311	0.443326770534973
"955"	955	2.88	0.415104177139199	0.430366492146597	0.430366492146597
"956"	956	3.04	0.414315164857381	0.37015059015059	0.457954505765364
"957"	957	2.96	0.346053955998404	0.345114345114345	0.443671394166444
"958"	958	3.08	0.374361325574588	0.364880229507348	0.449754541013539
"959"	959	3.52	0.398178341012082	0.360298522146353	0.433982788691518
"960"	960	2.8	0.343765870182112	0.373484255815504	0.467887573606099
"961"	961	3.4	0.395571104579645	0.321332750460994	0.425946813378917
"962"	962	3.08	0.365672482610463	0.37976081149873	0.447457226751668
"963"	963	3.12	0.413634712414432	0.38519281719164	0.476846544382575
"964"	964	3.24	0.399532687752271	0.326580306825523	0.427406276011304
"965"	965	2.92	0.432307857561844	0.372092843538868	0.470534431325593
"966"	966	3.08	0.474242712452612	0.369594083007457	0.440588825810403
"967"	967	3.12	0.430013493670539	0.383922517245735	0.460282458923848
"968"	968	2.72	0.340748581663187	0.375050876540273	0.448976438517925
"969"	969	3.08	0.416347457774092	0.408668730650155	0.408668730650155
"970"	970	3.24	0.409746950438288	0.377986847748796	0.457358008166035
"971"	971	3.28	0.380875904815949	0.375438504060261	0.464968173335783
"972"	972	3.24	0.427647671102784	0.38302040491355	0.456903045785573
"973"	973	3.12	0.32857361504822	0.385582690833045	0.460502420438938
"974"	974	2.72	0.387690074522616	0.355449314473603	0.43065558460139
"975"	975	2.48	0.327495749668126	0.351457022194393	0.422226548496562
"976"	976	2.8	0.413856164744393	0.371309986607252	0.478979075059456
"977"	977	2.76	0.3542489729141	0.363943931266418	0.437798997852659
"978"	978	2.96	0.377143570906434	0.369260110648556	0.433285830229631
"979"	979	3.04	0.360525864350396	0.348292157616385	0.430527131908574
"980"	980	3.12	0.414336465582476	0.38109734792377	0.467286689015609
"981"	981	3.56	0.452224876872271	0.368481911585712	0.444234283856938
"982"	982	2.76	0.330275569630473	0.380074638624301	0.46399825560733
"983"	983	3.36	0.467464883917075	0.386905849072981	0.456358433008414
"984"	984	2.92	0.251029912264854	0.400658521328033	0.482600864979098
"985"	985	2.96	0.387518286468907	0.363940341208273	0.444344341055737
"986"	986	3.36	0.450361617137713	0.364762889303974	0.457433598426148
"987"	987	3.08	0.286700787807135	0.369719813388409	0.482073846698046
"988"	988	3.28	0.396618056271768	0.374570807882746	0.474774824020652
"989"	989	2.68	0.374521885584758	0.381286746550779	0.462972525307504
"990"	990	2.16	0.33561697085669	0.354901262336113	0.420758197420515
"991"	991	3.36	0.397847963228385	0.353191617351569	0.431840406170792
"992"	992	3.2	0.405247202502173	0.376468553877531	0.48070721146668
"993"	993	3.12	0.38543317054933	0.359234649302427	0.441891980146291
"994"	994	2.8	0.390120433942467	0.369502224518499	0.461125469798971
"995"	995	3.16	0.35677155729994	0.401708457330308	0.461539109798687
"996"	996	2.08	0.249076431739531	0.340158699672892	0.445753987708747
"997"	997	2.04	0.348399596462701	0.350960177295635	0.458995628042642
"998"	998	3.08	0.343949961801015	0.383906085020912	0.454465383870834
"999"	999	2.6	0.344024265553698	0.345844342878907	0.416121405017795
"1000"	1000	2.68	0.43133070341165	0.364467832700066	0.462086836439549
